[LEFT_CAM_2K]
fx=1385.93
fy=1385.93
cx=979.373
cy=639.595
k1=-0.182798
k2=0.0277213

[RIGHT_CAM_2K]
fx=1397.7
fy=1397.7
cx=1302.99
cy=627.591
k1=-0.1634
k2=0.0214219

[STEREO]
CV_2K=-0.265461
RX_2K=-0.0586351
RZ_2K=0.042639
BaseLine=120.647
CV_FHD=-0.265461
RX_FHD=-0.0586351
RZ_FHD=0.042639
CV_HD=-0.265461
RX_HD=-0.0586351
RZ_HD=0.042639
CV_RESOLUTION_VGA=-0.265461
RX_RESOLUTION_VGA=-0.0586351
RZ_RESOLUTION_VGA=0.042639

[LEFT_CAM_FHD]
fx=1385.93
fy=1385.93
cx=835.373
cy=558.595
k1=-0.182798
k2=0.0277213

[RIGHT_CAM_FHD]
fx=1397.7
fy=1397.7
cx=1158.99
cy=546.591
k1=-0.1634
k2=0.0214219

[LEFT_CAM_HD]
fx=692.964
fy=692.964
cx=576.186
cy=367.798
k1=-0.182798
k2=0.0277213

[RIGHT_CAM_HD]
fx=698.848
fy=698.848
cx=737.995
cy=361.795
k1=-0.1634
k2=0.0214219

[LEFT_CAM_RESOLUTION_VGA]
fx=346.482
fy=346.482
cx=303.093
cy=190.899
k1=-0.182798
k2=0.0277213

[RIGHT_CAM_RESOLUTION_VGA]
fx=349.424
fy=349.424
cx=383.997
cy=187.898
k1=-0.1634
k2=0.0214219
